4000.0000       0.96820872
4018.0090       0.96831280
4036.0180       0.96840875
4054.0270       0.96850651
4072.0360       0.96860647
4090.0450       0.96870467
4108.0540       0.96879905
4126.0630       0.96889520
4144.0720       0.96899351
4162.0810       0.96908635
4180.0900       0.96917833
4198.0990       0.96927212
4216.1081       0.96936785
4234.1171       0.96945618
4252.1261       0.96954604
4270.1351       0.96963782
4288.1441       0.96972951
4306.1531       0.96981586
4324.1621       0.96990368
4342.1711       0.96999336
4360.1801       0.97008143
4378.1891       0.97016536
4396.1981       0.97025077
4414.2071       0.97033796
4432.2161       0.97042295
4450.2251       0.97050492
4468.2341       0.97058824
4486.2431       0.97067337
4504.2521       0.97075585
4522.2611       0.97083548
4540.2701       0.97091637
4558.2791       0.97099904
4576.2881       0.97107940
4594.2971       0.97115665
4612.3062       0.97123517
4630.3152       0.97131536
4648.3242       0.97139420
4666.3332       0.97146938
4684.3422       0.97154571
4702.3512       0.97162360
4720.3602       0.97170152
4738.3692       0.97177415
4756.3782       0.97184793
4774.3872       0.97192310
4792.3962       0.97199982
4810.4052       0.97207033
4828.4142       0.97214156
4846.4232       0.97221412
4864.4322       0.97228811
4882.4412       0.97235862
4900.4502       0.97242764
4918.4592       0.97249780
4936.4682       0.97256929
4954.4772       0.97264009
4972.4862       0.97270664
4990.4952       0.97277409
5008.5043       0.97284287
5026.5133       0.97291293
5044.5223       0.97297847
5062.5313       0.97304388
5080.5403       0.97311035
5098.5493       0.97317808
5116.5583       0.97324487
5134.5673       0.97330776
5152.5763       0.97337157
5170.5853       0.97343651
5188.5943       0.97350272
5206.6033       0.97356490
5224.6123       0.97362614
5242.6213       0.97368826
5260.6303       0.97375154
5278.6393       0.97381564
5296.6483       0.97387455
5314.6573       0.97393431
5332.6663       0.97399509
5350.6753       0.97405700
5368.6843       0.97411788
5386.6933       0.97417524
5404.7024       0.97423337
5422.7114       0.97429249
5440.7204       0.97435272
5458.7294       0.97441082
5476.7384       0.97446667
5494.7474       0.97452322
5512.7564       0.97458079
5530.7654       0.97463945
5548.7744       0.97469526
5566.7834       0.97474950
5584.7924       0.97480442
5602.8014       0.97486033
5620.8104       0.97491728
5638.8194       0.97497122
5656.8284       0.97502372
5674.8374       0.97507692
5692.8464       0.97513108
5710.8554       0.97518618
5728.8644       0.97523873
5746.8734       0.97528960
5764.8824       0.97534107
5782.8914       0.97539344
5800.9005       0.97544673
5818.9095       0.97549831
5836.9185       0.97554740
5854.9275       0.97559707
5872.9365       0.97564757
5890.9455       0.97569894
5908.9545       0.97574998
5926.9635       0.97579742
5944.9725       0.97584550
5962.9815       0.97589434
5980.9905       0.97594398
5998.9995       0.97599446
6017.0085       0.97604063
6035.0175       0.97608700
6053.0265       0.97613396
6071.0355       0.97618173
6089.0445       0.97623034
6107.0535       0.97627676
6125.0625       0.97632134
6143.0715       0.97636646
6161.0805       0.97641226
6179.0895       0.97645888
6197.0985       0.97650597
6215.1076       0.97654866
6233.1166       0.97659198
6251.1256       0.97663586
6269.1346       0.97668048
6287.1436       0.97672584
6305.1526       0.97676998
6323.1616       0.97681273
6341.1706       0.97685595
6359.1796       0.97689816
6377.1886       0.97693980
6395.1976       0.97698213
6413.2066       0.97702516
6431.2156       0.97706887
6449.2246       0.97710823
6467.2336       0.97714801
6485.2426       0.97718847
6503.2516       0.97722963
6521.2606       0.97727142
6539.2696       0.97731292
6557.2786       0.97735086
6575.2876       0.97738944
6593.2966       0.97742866
6611.3057       0.97746852
6629.3147       0.97750902
6647.3237       0.97754859
6665.3327       0.97758540
6683.3417       0.97762283
6701.3507       0.97766084
6719.3597       0.97769950
6737.3687       0.97773878
6755.3777       0.97777691
6773.3867       0.97781238
6791.3957       0.97784844
6809.4047       0.97788508
6827.4137       0.97792232
6845.4227       0.97796015
6863.4317       0.97799710
6881.4407       0.97803115
6899.4497       0.97806575
6917.4587       0.97810093
6935.4677       0.97813667
6953.4767       0.97817297
6971.4857       0.97820925
6989.4947       0.97824199
7007.5038       0.97827531
7025.5128       0.97830913
7043.5218       0.97834353
7061.5308       0.97837848
7079.5398       0.97841394
7097.5488       0.97844588
7115.5578       0.97847773
7133.5668       0.97851005
7151.5758       0.97854294
7169.5848       0.97857634
7187.5938       0.97861027
7205.6028       0.97864239
7223.6118       0.97867280
7241.6208       0.97870371
7259.6298       0.97873512
7277.6388       0.97876702
7295.6478       0.97879939
7313.6568       0.97883211
7331.6658       0.97886110
7349.6748       0.97889059
7367.6838       0.97892053
7385.6928       0.97895098
7403.7019       0.97898192
7421.7109       0.97901329
7439.7199       0.97904308
7457.7289       0.97907107
7475.7379       0.97909951
7493.7469       0.97912841
7511.7559       0.97915777
7529.7649       0.97918759
7547.7739       0.97921787
7565.7829       0.97924514
7583.7919       0.97927206
7601.8009       0.97929942
7619.8099       0.97932721
7637.8189       0.97935541
7655.8279       0.97938408
7673.8369       0.97941308
7691.8459       0.97943856
7709.8549       0.97946442
7727.8639       0.97949070
7745.8729       0.97951743
7763.8819       0.97954455
7781.8909       0.97957213
7799.8999       0.97959954
7817.9090       0.97962385
7835.9180       0.97964853
7853.9270       0.97967365
7871.9360       0.97969914
7889.9450       0.97972506
7907.9540       0.97975135
7925.9630       0.97977756
7943.9720       0.97980075
7961.9810       0.97982436
7979.9900       0.97984832
7997.9990       0.97987266
8016.0080       0.97989740
8034.0170       0.97992251
8052.0260       0.97994797
8070.0350       0.97997000
8088.0440       0.97999236
8106.0530       0.98001513
8124.0620       0.98003826
8142.0710       0.98006172
8160.0800       0.98008560
8178.0890       0.98010984
8196.0980       0.98013143
8214.1071       0.98015258
8232.1161       0.98017404
8250.1251       0.98019589
8268.1341       0.98021810
8286.1431       0.98024062
8304.1521       0.98026354
8322.1611       0.98028519
8340.1701       0.98030514
8358.1791       0.98032542
8376.1881       0.98034604
8394.1971       0.98036700
8412.2061       0.98038833
8430.2151       0.98040996
8448.2241       0.98043191
8466.2331       0.98045067
8484.2421       0.98046965
8502.2511       0.98048891
8520.2601       0.98050850
8538.2691       0.98052841
8556.2781       0.98054868
8574.2871       0.98056924
8592.2961       0.98058879
8610.3052       0.98060650
8628.3142       0.98062452
8646.3232       0.98064281
8664.3322       0.98066145
8682.3412       0.98068039
8700.3502       0.98069964
8718.3592       0.98071916
8736.3682       0.98073673
8754.3772       0.98075343
8772.3862       0.98077043
8790.3952       0.98078772
8808.4042       0.98080530
8826.4132       0.98082317
8844.4222       0.98084134
8862.4312       0.98085981
8880.4402       0.98087568
8898.4492       0.98089128
8916.4582       0.98090713
8934.4672       0.98092329
8952.4762       0.98093973
8970.4852       0.98095641
8988.4942       0.98097341
9006.5033       0.98099065
9024.5123       0.98100538
9042.5213       0.98101992
9060.5303       0.98103472
9078.5393       0.98104980
9096.5483       0.98106514
9114.5573       0.98108074
9132.5663       0.98109662
9150.5753       0.98111276
9168.5843       0.98112660
9186.5933       0.98113999
9204.6023       0.98115359
9222.6113       0.98116748
9240.6203       0.98118162
9258.6293       0.98119599
9276.6383       0.98121064
9294.6473       0.98122555
9312.6563       0.98123889
9330.6653       0.98125106
9348.6743       0.98126348
9366.6833       0.98127613
9384.6923       0.98128902
9402.7014       0.98130216
9420.7104       0.98131553
9438.7194       0.98132915
9456.7284       0.98134239
9474.7374       0.98135338
9492.7464       0.98136464
9510.7554       0.98137612
9528.7644       0.98138783
9546.7734       0.98139974
9564.7824       0.98141190
9582.7914       0.98142430
9600.8004       0.98143693
9618.8094       0.98144757
9636.8184       0.98145756
9654.8274       0.98146775
9672.8364       0.98147816
9690.8454       0.98148879
9708.8544       0.98149964
9726.8634       0.98151070
9744.8724       0.98152198
9762.8814       0.98153322
9780.8904       0.98154191
9798.8994       0.98155079
9816.9085       0.98155988
9834.9175       0.98156918
9852.9265       0.98157868
9870.9355       0.98158838
9888.9445       0.98159825
9906.9535       0.98160837
9924.9625       0.98161783
9942.9715       0.98162553
9960.9805       0.98163345
9978.9895       0.98164157
9996.9985       0.98164984
10015.008       0.98165835
10033.017       0.98166702
10051.026       0.98167591
10069.035       0.98168500
10087.044       0.98169304
10105.053       0.98169954
10123.062       0.98170622
10141.071       0.98171311
10159.080       0.98172015
10177.089       0.98172738
10195.098       0.98173478
10213.107       0.98174238
10231.116       0.98175015
10249.125       0.98175708
10267.134       0.98176227
10285.143       0.98176766
10303.152       0.98177322
10321.161       0.98177892
10339.170       0.98178482
10357.179       0.98179088
10375.188       0.98179709
10393.197       0.98180350
10411.206       0.98180961
10429.215       0.98181348
10447.224       0.98181750
10465.233       0.98182169
10483.242       0.98182602
10501.251       0.98183055
10519.260       0.98183520
10537.269       0.98184001
10555.278       0.98184498
10573.287       0.98185010
10591.296       0.98185304
10609.305       0.98185556
10627.314       0.98185822
10645.323       0.98186106
10663.332       0.98186401
10681.341       0.98186713
10699.350       0.98187037
10717.359       0.98187379
10735.368       0.98187731
10753.377       0.98188006
10771.386       0.98188099
10789.395       0.98188201
10807.404       0.98188319
10825.413       0.98188450
10843.422       0.98188591
10861.431       0.98188748
10879.440       0.98188918
10897.449       0.98189098
10915.458       0.98189294
10933.467       0.98189291
10951.476       0.98189204
10969.485       0.98189124
10987.494       0.98189059
11005.503       0.98189005
11023.512       0.98188962
11041.521       0.98188930
11059.530       0.98188909
11077.539       0.98188896
11095.548       0.98188890
11113.557       0.98188604
11131.566       0.98188287
11149.575       0.98187979
11167.584       0.98187680
11185.593       0.98187385
11203.602       0.98187103
11221.611       0.98186828
11239.620       0.98186563
11257.629       0.98186306
11275.638       0.98186021
11293.647       0.98185282
11311.656       0.98184514
11329.665       0.98183747
11347.674       0.98182979
11365.683       0.98182215
11383.692       0.98181452
11401.701       0.98180687
11419.710       0.98179927
11437.719       0.98179167
11455.728       0.98178404
11473.737       0.98170591
11491.746       0.98161932
11509.755       0.98152459
11527.764       0.98142040
11545.773       0.98130537
11563.782       0.97902164
11581.791       0.97914307
11599.800       0.97942839
11617.809       0.97968138
11635.818       0.97990733
11653.827       0.97997249
11671.836       0.97997498
11689.845       0.97997755
11707.854       0.97998019
11725.863       0.97998291
11743.872       0.97998570
11761.881       0.97998856
11779.890       0.97999151
11797.899       0.97999452
11815.908       0.97999762
11833.917       0.97999833
11851.926       0.97998928
11869.935       0.97998026
11887.944       0.97997133
11905.953       0.97996247
11923.962       0.97995365
11941.971       0.97994492
11959.980       0.97993623
11977.989       0.97992765
11995.998       0.97991913
12014.007       0.97991064
12032.016       0.97989935
12050.025       0.97988538
12068.034       0.97987145
12086.043       0.97985754
12104.052       0.97984367
12122.061       0.97982984
12140.070       0.97981603
12158.079       0.97980226
12176.088       0.97978852
12194.097       0.97977481
12212.106       0.97976114
12230.115       0.97974452
12248.124       0.97972659
12266.133       0.97970862
12284.142       0.97969068
12302.151       0.97967271
12320.160       0.97965477
12338.169       0.97963680
12356.178       0.97961883
12374.187       0.97960088
12392.196       0.97958291
12410.205       0.97956495
12428.214       0.97954420
12446.223       0.97952224
12464.232       0.97950028
12482.241       0.97947825
12500.250       0.97945621
12518.259       0.97943410
12536.268       0.97941195
12554.277       0.97938980
12572.286       0.97936758
12590.295       0.97934535
12608.304       0.97932304
12626.313       0.97929843
12644.322       0.97927196
12662.331       0.97924541
12680.340       0.97921875
12698.349       0.97919204
12716.358       0.97916525
12734.367       0.97913835
12752.376       0.97911138
12770.385       0.97908431
12788.394       0.97905718
12806.403       0.97902996
12824.412       0.97900134
12842.421       0.97896895
12860.430       0.97893642
12878.439       0.97890370
12896.448       0.97887087
12914.457       0.97883786
12932.466       0.97880473
12950.475       0.97877145
12968.484       0.97873798
12986.493       0.97870438
13004.502       0.97867063
13022.511       0.97863669
13040.520       0.97859134
13058.529       0.97854306
13076.538       0.97849440
13094.547       0.97844533
13112.556       0.97839583
13130.565       0.97834587
13148.574       0.97829550
13166.583       0.97824470
13184.592       0.97819341
13202.601       0.97814170
13220.610       0.97808953
13238.619       0.97798565
13256.628       0.97760155
13274.637       0.97533359
13292.646       0.97541564
13310.655       0.97549510
13328.664       0.97557211
13346.673       0.97564678
13364.682       0.97571918
13382.691       0.97578942
13400.700       0.97585758
13418.709       0.97592373
13436.718       0.97598798
13454.727       0.97602084
13472.736       0.97597468
13490.745       0.97592831
13508.754       0.97588169
13526.763       0.97583484
13544.772       0.97578780
13562.781       0.97574050
13580.790       0.97569296
13598.799       0.97564522
13616.808       0.97559721
13634.817       0.97554897
13652.826       0.97550052
13670.835       0.97544354
13688.844       0.97535133
13706.853       0.97525781
13724.862       0.97516323
13742.871       0.97506749
13760.880       0.97497064
13778.889       0.97487260
13796.898       0.97477343
13814.907       0.97467302
13832.916       0.97457142
13850.925       0.97446855
13868.934       0.97436446
13886.943       0.97364931
13904.952       0.97364867
13922.961       0.97359764
13940.970       0.97354629
13958.979       0.97349468
13976.988       0.97344279
13994.997       0.97339063
14013.007       0.97333818
14031.016       0.97328546
14049.025       0.97323246
14067.034       0.97317920
14085.043       0.97312564
14103.052       0.97307177
14121.061       0.97300891
14139.070       0.97293369
14157.079       0.97285798
14175.088       0.97278173
14193.097       0.97270502
14211.106       0.97262778
14229.115       0.97255005
14247.124       0.97247180
14265.133       0.97239302
14283.142       0.97231372
14301.151       0.97223385
14319.160       0.97215347
14337.169       0.97207256
14355.178       0.97198733
14373.187       0.97189957
14391.196       0.97181119
14409.205       0.97172220
14427.214       0.97163257
14445.223       0.97154229
14463.232       0.97145132
14481.241       0.97135974
14499.250       0.97126750
14517.259       0.97117458
14535.268       0.97108097
14553.277       0.97098670
14571.286       0.97089169
14589.295       0.97079262
14607.304       0.97069169
14625.313       0.97058997
14643.322       0.97048747
14661.331       0.97038419
14679.340       0.97028017
14697.349       0.97017530
14715.358       0.97006963
14733.367       0.96996318
14751.376       0.96985588
14769.385       0.96974775
14787.394       0.96963880
14805.403       0.96952898
14823.412       0.96941572
14841.421       0.96930006
14859.430       0.96918349
14877.439       0.96906602
14895.448       0.96894757
14913.457       0.96882821
14931.466       0.96870784
14949.475       0.96858654
14967.484       0.96846423
14985.493       0.96834095
15003.502       0.96821664
15021.511       0.96809135
15039.520       0.96796500
15057.529       0.96783632
15075.538       0.96770398
15093.547       0.96757051
15111.556       0.96743594
15129.565       0.96730025
15147.574       0.96716342
15165.583       0.96702540
15183.592       0.96688625
15201.601       0.96674593
15219.610       0.96660440
15237.619       0.96646165
15255.628       0.96631771
15273.637       0.96617256
15291.646       0.96602614
15309.655       0.96587529
15327.664       0.96572243
15345.673       0.96556820
15363.682       0.96541265
15381.691       0.96525571
15399.700       0.96509741
15417.709       0.96493771
15435.718       0.96477662
15453.727       0.96461413
15471.736       0.96445017
15489.745       0.96428476
15507.754       0.96411790
15525.763       0.96394954
15543.772       0.96377923
15561.781       0.96360420
15579.790       0.96342737
15597.799       0.96324897
15615.808       0.96306896
15633.817       0.96288729
15651.826       0.96270399
15669.835       0.96251902
15687.844       0.96233232
15705.853       0.96214397
15723.862       0.96195388
15741.871       0.96176201
15759.880       0.96156842
15777.889       0.96137306
15795.898       0.96117528
15813.907       0.96097233
15831.916       0.96076740
15849.925       0.96056049
15867.934       0.96035171
15885.943       0.96014095
15903.952       0.95992822
15921.961       0.95971348
15939.970       0.95949674
15957.979       0.95927790
15975.988       0.95905704
15993.997       0.95883410
16012.006       0.95860903
16030.015       0.95838185
16048.024       0.95815226
16066.033       0.95791706
16084.042       0.95767916
16102.051       0.95743897
16120.060       0.95719643
16138.069       0.95695162
16156.078       0.95670438
16174.087       0.95645480
16192.096       0.95620277
16210.105       0.95594834
16228.114       0.95569147
16246.123       0.95543204
16264.132       0.95517015
16282.141       0.95490567
16300.150       0.95463866
16318.159       0.95436676
16336.168       0.95409017
16354.177       0.95381081
16372.186       0.95352876
16390.195       0.95324389
16408.204       0.95295626
16426.213       0.95266575
16444.222       0.95237241
16462.231       0.95207616
16480.240       0.95177703
16498.249       0.95147491
16516.258       0.95116985
16534.267       0.95086174
16552.276       0.95055061
16570.285       0.95023624
16588.294       0.94991504
16606.303       0.94958995
16624.312       0.94926166
16642.321       0.94893007
16660.330       0.94859522
16678.339       0.94825703
16696.348       0.94791541
16714.357       0.94757046
16732.366       0.94722204
16750.375       0.94687020
16768.384       0.94651481
16786.393       0.94615594
16804.402       0.94579351
16822.411       0.94542743
16840.420       0.94505732
16858.429       0.94467947
16876.438       0.94429739
16894.447       0.94391154
16912.456       0.94352184
16930.465       0.94312827
16948.474       0.94273081
16966.483       0.94232933
16984.492       0.94192391
17002.501       0.94151448
17020.510       0.94110100
17038.519       0.94068338
17056.528       0.94026169
17074.537       0.93983588
17092.546       0.93940586
17110.555       0.93897145
17128.564       0.93852848
17146.573       0.93808040
17164.582       0.93762795
17182.591       0.93717106
17200.600       0.93670966
17218.609       0.93624380
17236.618       0.93577340
17254.627       0.93529841
17272.636       0.93481885
17290.645       0.93433461
17308.654       0.93384576
17326.663       0.93335220
17344.672       0.93285395
17362.681       0.93235095
17380.690       0.93184316
17398.699       0.93132755
17416.708       0.93080434
17434.717       0.93027614
17452.726       0.92974300
17470.735       0.92920481
17488.744       0.92866165
17506.753       0.92811345
17524.762       0.92756014
17542.771       0.92700179
17560.780       0.92643833
17578.789       0.92586974
17596.798       0.92529602
17614.807       0.92471715
17632.816       0.92413307
17650.825       0.92354385
17668.834       0.92294909
17686.843       0.92234416
17704.852       0.92173309
17722.861       0.92111674
17740.870       0.92049506
17758.879       0.91986802
17776.888       0.91923570
17794.897       0.91859801
17812.906       0.91795505
17830.915       0.91730672
17848.924       0.91665314
17866.933       0.91599422
17884.942       0.91533006
17902.951       0.91466059
17920.960       0.91398592
17938.969       0.91330598
17956.978       0.91261999
17974.987       0.91192330
17992.996       0.91122082
18011.006       0.91051317
18029.015       0.90980032
18047.024       0.90908226
18065.033       0.90835915
18083.042       0.90763096
18101.051       0.90689776
18119.060       0.90615954
18137.069       0.90541652
18155.078       0.90466861
18173.087       0.90391586
18191.096       0.90315846
18209.105       0.90239642
18227.114       0.90162977
18245.123       0.90085827
18263.132       0.90007609
18281.141       0.89928872
18299.150       0.89849696
18317.159       0.89770098
18335.168       0.89690092
18353.177       0.89609675
18371.186       0.89528879
18389.195       0.89447700
18407.204       0.89366162
18425.213       0.89284260
18443.222       0.89202032
18461.231       0.89119474
18479.240       0.89036613
18497.249       0.88953447
18515.258       0.88870014
18533.267       0.88786315
18551.276       0.88701908
18569.285       0.88616926
18587.294       0.88531716
18605.303       0.88446310
18623.312       0.88360713
18641.321       0.88274947
18659.330       0.88189050
18677.339       0.88103025
18695.348       0.88016899
18713.357       0.87930701
18731.366       0.87844442
18749.375       0.87758157
18767.384       0.87671852
18785.393       0.87585569
18803.402       0.87499336
18821.411       0.87413162
18839.420       0.87327053
18857.429       0.87240298
18875.438       0.87153581
18893.447       0.87067038
18911.456       0.86980673
18929.465       0.86894533
18947.474       0.86808643
18965.483       0.86723029
18983.492       0.86637716
19001.501       0.86552749
19019.510       0.86468151
19037.519       0.86383954
19055.528       0.86300180
19073.537       0.86216877
19091.546       0.86134070
19109.555       0.86051783
19127.564       0.85970064
19145.573       0.85888847
19163.582       0.85807460
19181.591       0.85726641
19199.600       0.85646508
19217.609       0.85567082
19235.618       0.85488403
19253.627       0.85410511
19271.636       0.85333426
19289.645       0.85257194
19307.654       0.85181835
19325.663       0.85107395
19343.672       0.85033895
19361.681       0.84961381
19379.690       0.84889874
19397.699       0.84819403
19415.708       0.84750011
19433.717       0.84681717
19451.726       0.84614564
19469.735       0.84547725
19487.744       0.84481906
19505.753       0.84417297
19523.762       0.84353936
19541.771       0.84291856
19559.780       0.84231059
19577.789       0.84171593
19595.798       0.84113472
19613.807       0.84056733
19631.816       0.84001394
19649.825       0.83947473
19667.834       0.83895014
19685.843       0.83844008
19703.852       0.83794496
19721.861       0.83746486
19739.870       0.83700009
19757.879       0.83655087
19775.888       0.83611324
19793.897       0.83568477
19811.906       0.83527216
19829.915       0.83487542
19847.924       0.83449494
19865.933       0.83413063
19883.942       0.83378269
19901.951       0.83345110
19919.960       0.83313600
19937.969       0.83283750
19955.978       0.83255555
19973.987       0.83229015
19991.996       0.83204158
20010.005       0.83180966
20028.014       0.83159443
20046.023       0.83139596
20064.032       0.83121411
20082.041       0.83104881
20100.050       0.83089404
20118.059       0.83075174
20136.068       0.83062607
20154.077       0.83051668
20172.086       0.83042361
20190.095       0.83034687
20208.104       0.83028613
20226.113       0.83024140
20244.122       0.83021255
20262.131       0.83019950
20280.140       0.83020201
20298.149       0.83021997
20316.158       0.83025333
20334.167       0.83030171
20352.176       0.83036505
20370.185       0.83044326
20388.194       0.83053593
20406.203       0.83064298
20424.212       0.83075826
20442.221       0.83088333
20460.230       0.83102218
20478.239       0.83117439
20496.248       0.83134000
20514.257       0.83151866
20532.266       0.83171009
20550.275       0.83191415
20568.284       0.83213054
20586.293       0.83235906
20604.302       0.83259925
20622.311       0.83285112
20640.320       0.83311435
20658.329       0.83338848
20676.338       0.83367351
20694.347       0.83396910
20712.356       0.83427479
20730.365       0.83459058
20748.374       0.83491336
20766.383       0.83523880
20784.392       0.83557323
20802.401       0.83591649
20820.410       0.83626856
20838.419       0.83662898
20856.428       0.83699753
20874.437       0.83737396
20892.446       0.83775798
20910.455       0.83814939
20928.464       0.83854783
20946.473       0.83895309
20964.482       0.83936492
20982.491       0.83978309
21000.500       0.84020728
21018.509       0.84063728
21036.518       0.84107283
21054.527       0.84151370
21072.536       0.84195968
21090.545       0.84240456
21108.554       0.84285089
21126.563       0.84330166
21144.572       0.84375666
21162.581       0.84421551
21180.590       0.84467809
21198.599       0.84514422
21216.608       0.84561361
21234.617       0.84608608
21252.626       0.84656148
21270.635       0.84703952
21288.644       0.84752005
21306.653       0.84800287
21324.662       0.84848783
21342.671       0.84897466
21360.680       0.84946323
21378.689       0.84995336
21396.698       0.85044490
21414.707       0.85093763
21432.716       0.85142535
21450.725       0.85191153
21468.734       0.85239857
21486.743       0.85288616
21504.752       0.85337417
21522.761       0.85386250
21540.770       0.85435101
21558.779       0.85483958
21576.788       0.85532802
21594.797       0.85581623
21612.806       0.85630412
21630.815       0.85679149
21648.824       0.85727828
21666.833       0.85776447
21684.842       0.85824972
21702.851       0.85873403
21720.860       0.85921730
21738.869       0.85969946
21756.878       0.86018036
21774.887       0.86065617
21792.896       0.86112669
21810.905       0.86159562
21828.914       0.86206305
21846.923       0.86252877
21864.932       0.86299285
21882.941       0.86345503
21900.950       0.86391542
21918.959       0.86437374
21936.968       0.86483015
21954.977       0.86528439
21972.986       0.86573657
21990.995       0.86618642
22009.005       0.86663412
22027.014       0.86707940
22045.023       0.86752239
22063.032       0.86796285
22081.041       0.86840093
22099.050       0.86883641
22117.059       0.86926930
22135.068       0.86969293
22153.077       0.87011346
22171.086       0.87053136
22189.095       0.87094644
22207.104       0.87135890
22225.113       0.87176860
22243.122       0.87217547
22261.131       0.87257945
22279.140       0.87298067
22297.149       0.87337898
22315.158       0.87377441
22333.167       0.87416683
22351.176       0.87455636
22369.185       0.87494294
22387.194       0.87532653
22405.203       0.87570710
22423.212       0.87608458
22441.221       0.87645911
22459.230       0.87683057
22477.239       0.87719814
22495.248       0.87755704
22513.257       0.87791266
22531.266       0.87826512
22549.275       0.87861461
22567.284       0.87896091
22585.293       0.87930411
22603.302       0.87964430
22621.311       0.87998132
22639.320       0.88031530
22657.329       0.88064608
22675.338       0.88097384
22693.347       0.88129841
22711.356       0.88161985
22729.365       0.88193826
22747.374       0.88225348
22765.383       0.88256568
22783.392       0.88287467
22801.401       0.88318063
22819.410       0.88348343
22837.419       0.88378319
22855.428       0.88407412
22873.437       0.88436145
22891.446       0.88464561
22909.455       0.88492681
22927.464       0.88520484
22945.473       0.88547992
22963.482       0.88575187
22981.491       0.88602084
22999.500       0.88628672
23017.509       0.88654963
23035.518       0.88680947
23053.527       0.88706636
23071.536       0.88732019
23089.545       0.88757109
23107.554       0.88781894
23125.563       0.88806389
23143.572       0.88830581
23161.581       0.88854485
23179.590       0.88878088
23197.599       0.88901406
23215.608       0.88924192
23233.617       0.88946341
23251.626       0.88968195
23269.635       0.88989762
23287.644       0.89011043
23305.653       0.89032039
23323.662       0.89052748
23341.671       0.89073175
23359.680       0.89093320
23377.689       0.89113184
23395.698       0.89132766
23413.707       0.89152071
23431.716       0.89171099
23449.725       0.89189850
23467.734       0.89208326
23485.743       0.89226527
23503.752       0.89244456
23521.761       0.89262114
23539.770       0.89279493
23557.779       0.89296619
23575.788       0.89313461
23593.797       0.89329745
23611.806       0.89345503
23629.815       0.89360996
23647.824       0.89376228
23665.833       0.89391205
23683.842       0.89405913
23701.851       0.89420362
23719.860       0.89434554
23737.869       0.89448497
23755.878       0.89462176
23773.887       0.89475600
23791.896       0.89488771
23809.905       0.89501690
23827.914       0.89514367
23845.923       0.89526784
23863.932       0.89538954
23881.941       0.89550883
23899.950       0.89562560
23917.959       0.89573990
23935.968       0.89585176
23953.977       0.89596119
23971.986       0.89606619
23989.995       0.89616551
24008.004       0.89626231
24026.013       0.89635680
24044.022       0.89644883
24062.031       0.89653857
24080.040       0.89662589
24098.049       0.89671093
24116.058       0.89679354
24134.067       0.89687392
24152.076       0.89695191
24170.085       0.89702767
24188.094       0.89710106
24206.103       0.89717224
24224.112       0.89724107
24242.121       0.89730770
24260.130       0.89737201
24278.139       0.89743415
24296.148       0.89749398
24314.157       0.89755166
24332.166       0.89760705
24350.175       0.89766030
24368.184       0.89770681
24386.193       0.89775038
24404.202       0.89779183
24422.211       0.89783104
24440.220       0.89786807
24458.229       0.89790293
24476.238       0.89793565
24494.247       0.89796622
24512.256       0.89799466
24530.265       0.89802104
24548.274       0.89804523
24566.283       0.89806731
24584.292       0.89808729
24602.301       0.89810516
24620.310       0.89812095
24638.319       0.89813466
24656.328       0.89814638
24674.337       0.89815596
24692.346       0.89816348
24710.355       0.89816895
24728.364       0.89817238
24746.373       0.89817369
24764.382       0.89816814
24782.391       0.89816033
24800.400       0.89815049
24818.409       0.89813871
24836.418       0.89812485
24854.427       0.89810897
24872.436       0.89809110
24890.445       0.89807124
24908.454       0.89804947
24926.463       0.89802564
24944.472       0.89799984
24962.481       0.89797206
24980.490       0.89794233
24998.499       0.89791064
25016.508       0.89787709
25034.517       0.89784151
25052.526       0.89780400
25070.535       0.89776456
25088.544       0.89772319
25106.553       0.89767998
25124.562       0.89763478
25142.571       0.89758767
25160.580       0.89753486
25178.589       0.89747888
25196.598       0.89742098
25214.607       0.89736118
25232.616       0.89729948
25250.625       0.89723588
25268.634       0.89717040
25286.643       0.89710304
25304.652       0.89703381
25322.661       0.89696270
25340.670       0.89688971
25358.679       0.89681486
25376.688       0.89673808
25394.697       0.89665960
25412.706       0.89657919
25430.715       0.89649687
25448.724       0.89641286
25466.733       0.89632685
25484.742       0.89623909
25502.751       0.89614958
25520.760       0.89605810
25538.769       0.89596495
25556.778       0.89586891
25574.787       0.89576702
25592.796       0.89566325
25610.805       0.89555767
25628.814       0.89545025
25646.823       0.89534104
25664.832       0.89522994
25682.841       0.89511711
25700.850       0.89500247
25718.859       0.89488604
25736.868       0.89476782
25754.877       0.89464781
25772.886       0.89452594
25790.895       0.89440237
25808.904       0.89427702
25826.913       0.89414989
25844.922       0.89402101
25862.931       0.89389028
25880.940       0.89375787
25898.949       0.89362369
25916.958       0.89348777
25934.967       0.89335011
25952.976       0.89321070
25970.985       0.89306828
25988.994       0.89292033
26007.004       0.89277051
26025.013       0.89261901
26043.022       0.89246569
26061.031       0.89231063
26079.040       0.89215390
26097.049       0.89199535
26115.058       0.89183508
26133.067       0.89167315
26151.076       0.89150943
26169.085       0.89134406
26187.094       0.89117689
26205.103       0.89100801
26223.112       0.89083750
26241.121       0.89066522
26259.130       0.89049123
26277.139       0.89031562
26295.148       0.89013825
26313.157       0.88995926
26331.166       0.88977852
26349.175       0.88959611
26367.184       0.88941210
26385.193       0.88922634
26403.202       0.88903415
26421.211       0.88883982
26439.220       0.88864372
26457.229       0.88844603
26475.238       0.88824666
26493.247       0.88804554
26511.256       0.88784284
26529.265       0.88763847
26547.274       0.88743238
26565.283       0.88722473
26583.292       0.88701542
26601.301       0.88680440
26619.310       0.88659182
26637.319       0.88637762
26655.328       0.88616171
26673.337       0.88594428
26691.346       0.88572523
26709.355       0.88550450
26727.364       0.88528224
26745.373       0.88505840
26763.382       0.88483289
26781.391       0.88460589
26799.400       0.88437730
26817.409       0.88414585
26835.418       0.88390876
26853.427       0.88367004
26871.436       0.88342975
26889.445       0.88318779
26907.454       0.88294436
26925.463       0.88269937
26943.472       0.88245273
26961.481       0.88220464
26979.490       0.88195502
26997.499       0.88170377
27015.508       0.88145109
27033.517       0.88119689
27051.526       0.88094110
27069.535       0.88068390
27087.544       0.88042521
27105.553       0.88016495
27123.562       0.87990330
27141.571       0.87964018
27159.580       0.87937552
27177.589       0.87910950
27195.598       0.87884204
27213.607       0.87857307
27231.616       0.87830276
27249.625       0.87803013
27267.634       0.87775155
27285.643       0.87747139
27303.652       0.87718983
27321.661       0.87690685
27339.670       0.87662247
27357.679       0.87633671
27375.688       0.87604957
27393.697       0.87576107
27411.706       0.87547122
27429.715       0.87518001
27447.724       0.87488758
27465.733       0.87459363
27483.742       0.87429856
27501.751       0.87400210
27519.760       0.87370435
27537.769       0.87340533
27555.778       0.87310506
27573.787       0.87280353
27591.796       0.87250076
27609.805       0.87219678
27627.814       0.87189158
27645.823       0.87158519
27663.832       0.87127761
27681.841       0.87096886
27699.850       0.87065514
27717.859       0.87033832
27735.868       0.87002035
27753.877       0.86970123
27771.886       0.86938096
27789.895       0.86905949
27807.904       0.86873700
27825.913       0.86841342
27843.922       0.86808877
27861.931       0.86776305
27879.940       0.86743620
27897.949       0.86710841
27915.958       0.86677961
27933.967       0.86644982
27951.976       0.86611904
27969.985       0.86578731
27987.994       0.86545454
28006.003       0.86512092
28024.012       0.86478641
28042.021       0.86445099
28060.030       0.86411471
28078.039       0.86377757
28096.048       0.86343949
28114.057       0.86310069
28132.066       0.86276108
28150.075       0.86241582
28168.084       0.86206859
28186.093       0.86172057
28204.102       0.86137168
28222.111       0.86102216
28240.120       0.86067190
28258.129       0.86032084
28276.138       0.85996920
28294.147       0.85961689
28312.156       0.85926384
28330.165       0.85891026
28348.174       0.85855608
28366.183       0.85820122
28384.192       0.85784590
28402.201       0.85749004
28420.210       0.85713356
28438.219       0.85677670
28456.228       0.85641935
28474.237       0.85606145
28492.246       0.85570323
28510.255       0.85534460
28528.264       0.85498548
28546.273       0.85462610
28564.282       0.85426639
28582.291       0.85390636
28600.300       0.85354273
28618.309       0.85317595
28636.318       0.85280888
28654.327       0.85244154
28672.336       0.85207407
28690.345       0.85170628
28708.354       0.85133831
28726.363       0.85097016
28744.372       0.85060187
28762.381       0.85023358
28780.390       0.84986509
28798.399       0.84949653
28816.408       0.84912792
28834.417       0.84875940
28852.426       0.84839078
28870.435       0.84802219
28888.444       0.84765366
28906.453       0.84728521
28924.462       0.84691697
28942.471       0.84654875
28960.480       0.84618068
28978.489       0.84581280
28996.498       0.84544512
29014.507       0.84507779
29032.516       0.84471059
29050.525       0.84434368
29068.534       0.84397327
29086.543       0.84360248
29104.552       0.84323203
29122.561       0.84286193
29140.570       0.84249222
29158.579       0.84212279
29176.588       0.84175390
29194.597       0.84138548
29212.606       0.84101753
29230.615       0.84065009
29248.624       0.84028317
29266.633       0.83991670
29284.642       0.83955092
29302.651       0.83918574
29320.660       0.83882119
29338.669       0.83845728
29356.678       0.83809406
29374.687       0.83773142
29392.696       0.83736962
29410.705       0.83700855
29428.714       0.83664827
29446.723       0.83628877
29464.732       0.83593010
29482.741       0.83557226
29500.750       0.83521516
29518.759       0.83485907
29536.768       0.83448931
29554.777       0.83411634
29572.786       0.83374422
29590.795       0.83337294
29608.804       0.83300254
29626.813       0.83263293
29644.822       0.83226435
29662.831       0.83189671
29680.840       0.83153003
29698.849       0.83116432
29716.858       0.83079962
29734.867       0.83043593
29752.876       0.83007317
29770.885       0.82971158
29788.894       0.82935106
29806.903       0.82899163
29824.912       0.82863332
29842.921       0.82827613
29860.930       0.82791997
29878.939       0.82756509
29896.948       0.82721138
29914.957       0.82685887
29932.966       0.82650756
29950.975       0.82615747
29968.984       0.82580863
29986.993       0.82546091
30005.003       0.82512793
30023.012       0.82483086
30041.021       0.82453535
30059.030       0.82424156
30077.039       0.82394924
30095.048       0.82365851
30113.057       0.82336954
30131.066       0.82308206
30149.075       0.82279621
30167.084       0.82251214
30185.093       0.82222958
30203.102       0.82194868
30221.111       0.82166944
30239.120       0.82139200
30257.129       0.82111610
30275.138       0.82084188
30293.147       0.82056947
30311.156       0.82029862
30329.165       0.82002945
30347.174       0.81976197
30365.183       0.81949632
30383.192       0.81923223
30401.201       0.81896604
30419.210       0.81864827
30437.219       0.81833180
30455.228       0.81801675
30473.237       0.81770322
30491.246       0.81739098
30509.255       0.81708016
30527.264       0.81677075
30545.273       0.81646283
30563.282       0.81615622
30581.291       0.81585101
30599.300       0.81554729
30617.309       0.81524485
30635.318       0.81494379
30653.327       0.81464411
30671.336       0.81434590
30689.345       0.81404894
30707.354       0.81375333
30725.363       0.81345917
30743.372       0.81316623
30761.381       0.81287462
30779.390       0.81258442
30797.399       0.81229541
30815.408       0.81200279
30833.417       0.81171059
30851.426       0.81141972
30869.435       0.81112997
30887.444       0.81084143
30905.453       0.81055418
30923.462       0.81026800
30941.471       0.80998298
30959.480       0.80969920
30977.489       0.80941643
30995.498       0.80913478
31013.507       0.80885419
31031.516       0.80857478
31049.525       0.80829631
31067.534       0.80801885
31085.543       0.80774251
31103.552       0.80746703
31121.561       0.80719250
31139.570       0.80691901
31157.579       0.80664631
31175.588       0.80637449
31193.597       0.80610364
31211.606       0.80583018
31229.615       0.80555571
31247.624       0.80528200
31265.633       0.80500901
31283.642       0.80473671
31301.651       0.80446508
31319.660       0.80419408
31337.669       0.80392369
31355.678       0.80365387
31373.687       0.80338459
31391.696       0.80311581
31409.705       0.80284751
31427.714       0.80257965
31445.723       0.80231220
31463.732       0.80204519
31481.741       0.80177844
31499.750       0.80151198
31517.759       0.80124085
31535.768       0.80096984
31553.777       0.80069900
31571.786       0.80042838
31589.795       0.80015775
31607.804       0.79988717
31625.813       0.79961670
31643.822       0.79934610
31661.831       0.79907543
31679.840       0.79880463
31697.849       0.79853378
31715.858       0.79826263
31733.867       0.79799122
31751.876       0.79771963
31769.885       0.79744759
31787.894       0.79717518
31805.903       0.79690244
31823.912       0.79662912
31841.921       0.79635528
31859.930       0.79608086
31877.939       0.79580593
31895.948       0.79553022
31913.957       0.79524947
31931.966       0.79496678
31949.975       0.79468315
31967.984       0.79439863
31985.993       0.79411316
32004.002       0.79382681
32022.011       0.79353931
32040.020       0.79325071
32058.029       0.79296106
32076.038       0.79267009
32094.047       0.79237786
32112.056       0.79208442
32130.065       0.79178949
32148.074       0.79149313
32166.083       0.79119539
32184.092       0.79089598
32202.101       0.79059498
32220.110       0.79029230
32238.119       0.78998800
32256.128       0.78968181
32274.137       0.78937378
32292.146       0.78906394
32310.155       0.78874902
32328.164       0.78842979
32346.173       0.78810846
32364.182       0.78778494
32382.191       0.78745918
32400.200       0.78713111
32418.209       0.78680075
32436.218       0.78646786
32454.227       0.78613247
32472.236       0.78579450
32490.245       0.78545389
32508.254       0.78511056
32526.263       0.78476446
32544.272       0.78441550
32562.281       0.78406362
32580.290       0.78370875
32598.299       0.78335081
32616.308       0.78298561
32634.317       0.78261672
32652.326       0.78224462
32670.335       0.78186905
32688.344       0.78149004
32706.353       0.78110750
32724.362       0.78072147
32742.371       0.78033165
32760.380       0.77993808
32778.389       0.77954078
32796.398       0.77913946
32814.407       0.77873415
32832.416       0.77832487
32850.425       0.77791133
32868.434       0.77749355
32886.443       0.77707145
32904.452       0.77664504
32922.461       0.77621404
32940.470       0.77577847
32958.479       0.77533833
32976.488       0.77489334
32994.497       0.77444351
33012.506       0.77398539
33030.515       0.77352063
33048.524       0.77305074
33066.533       0.77257572
33084.542       0.77209530
33102.551       0.77160947
33120.560       0.77111814
33138.569       0.77062132
33156.578       0.77011870
33174.587       0.76961029
33192.596       0.76909610
33210.605       0.76857582
33228.614       0.76804944
33246.623       0.76751698
33264.632       0.76697812
33282.641       0.76643287
33300.650       0.76588111
33318.659       0.76532284
33336.668       0.76475775
33354.677       0.76418584
33372.686       0.76360710
33390.695       0.76302120
33408.704       0.76242561
33426.713       0.76182003
33444.722       0.76120715
33462.731       0.76058665
33480.740       0.75995851
33498.749       0.75932272
33516.758       0.75867895
33534.767       0.75802719
33552.776       0.75736741
33570.785       0.75669928
33588.794       0.75602279
33606.803       0.75533780
33624.812       0.75464429
33642.821       0.75394192
33660.830       0.75323067
33678.839       0.75251050
33696.848       0.75178107
33714.857       0.75104236
33732.866       0.75029421
33750.875       0.74953660
33768.884       0.74876917
33786.893       0.74799190
33804.902       0.74720329
33822.911       0.74640086
33840.920       0.74558820
33858.929       0.74476500
33876.938       0.74393119
33894.947       0.74308660
33912.956       0.74223110
33930.965       0.74136451
33948.974       0.74048668
33966.983       0.73959745
33984.992       0.73869666
34003.002       0.73778413
34021.011       0.73685970
34039.020       0.73592320
34057.029       0.73497446
34075.038       0.73401339
34093.047       0.73303965
34111.056       0.73205037
34129.065       0.73104635
34147.074       0.73002919
34165.083       0.72899881
34183.092       0.72795480
34201.101       0.72689709
34219.110       0.72582548
34237.119       0.72473988
34255.128       0.72363989
34273.137       0.72252541
34291.146       0.72139634
34309.155       0.72025228
34327.164       0.71909313
34345.173       0.71791866
34363.182       0.71672878
34381.191       0.71552307
34399.200       0.71430140
34417.209       0.71306368
34435.218       0.71180946
34453.227       0.71053863
34471.236       0.70925107
34489.245       0.70794634
34507.254       0.70662213
34525.263       0.70527713
34543.272       0.70391444
34561.281       0.70253363
34579.290       0.70113454
34597.299       0.69971704
34615.308       0.69828068
34633.317       0.69682530
34651.326       0.69535065
34669.335       0.69385659
34687.344       0.69234264
34705.353       0.69080865
34723.362       0.68925446
34741.371       0.68767959
34759.380       0.68608388
34777.389       0.68446716
34795.398       0.68282896
34813.407       0.68116909
34831.416       0.67948728
34849.425       0.67778334
34867.434       0.67605680
34885.443       0.67430746
34903.452       0.67253431
34921.461       0.67073418
34939.470       0.66891037
34957.479       0.66706268
34975.488       0.66519062
34993.497       0.66329398
35011.506       0.66137246
35029.515       0.65942586
35047.524       0.65745368
35065.533       0.65545569
35083.542       0.65343171
35101.551       0.65138120
35119.560       0.64930396
35137.569       0.64719978
35155.578       0.64506814
35173.587       0.64290882
35191.596       0.64072160
35209.605       0.63850597
35227.614       0.63626171
35245.623       0.63398849
35263.632       0.63168609
35281.641       0.62935400
35299.650       0.62699200
35317.659       0.62459474
35335.668       0.62216673
35353.677       0.61970782
35371.686       0.61721780
35389.695       0.61469617
35407.704       0.61214269
35425.713       0.60955706
35443.722       0.60693906
35461.731       0.60428818
35479.740       0.60160421
35497.749       0.59888695
35515.758       0.59613589
35533.767       0.59335084
35551.776       0.59053159
35569.785       0.58767766
35587.794       0.58478887
35605.803       0.58186501
35623.812       0.57890564
35641.821       0.57591056
35659.830       0.57287952
35677.839       0.56981234
35695.848       0.56670859
35713.857       0.56356476
35731.866       0.56038297
35749.875       0.55716401
35767.884       0.55390774
35785.893       0.55061382
35803.902       0.54728211
35821.911       0.54391243
35839.920       0.54050468
35857.929       0.53705855
35875.938       0.53357397
35893.947       0.53005081
35911.956       0.52648900
35929.965       0.52288831
35947.974       0.51924872
35965.983       0.51557015
35983.992       0.51185261
36002.001       0.50809593
36020.010       0.50430016
36038.019       0.50046307
36056.028       0.49658420
36074.037       0.49266623
36092.046       0.48870942
36110.055       0.48471368
36128.064       0.48067928
36146.073       0.47660629
36164.082       0.47249477
36182.091       0.46834510
36200.100       0.46415731
36218.109       0.45993181
36236.118       0.45566872
36254.127       0.45136849
36272.136       0.44703139
36290.145       0.44265770
36308.154       0.43824797
36326.163       0.43380249
36344.172       0.42932187
36362.181       0.42480646
36380.190       0.42025695
36398.199       0.41567384
36416.208       0.41105767
36434.217       0.40640923
36452.226       0.40172907
36470.235       0.39701806
36488.244       0.39227685
36506.253       0.38750497
36524.262       0.38270202
36542.271       0.37787159
36560.280       0.37301468
36578.289       0.36813217
36596.298       0.36322515
36614.307       0.35829468
36632.316       0.35334188
36650.325       0.34836798
36668.334       0.34337407
36686.343       0.33836146
36704.352       0.33333145
36722.361       0.32828542
36740.370       0.32322467
36758.379       0.31815068
36776.388       0.31306491
36794.397       0.30796894
36812.406       0.30286424
36830.415       0.29775245
36848.424       0.29263522
36866.433       0.28751427
36884.442       0.28239125
36902.451       0.27726797
36920.460       0.27214623
36938.469       0.26702785
36956.478       0.26191475
36974.487       0.25680877
36992.496       0.25171187
37010.505       0.24662456
37028.514       0.24154937
37046.523       0.23648939
37064.532       0.23144668
37082.541       0.22642330
37100.550       0.22142133
37118.559       0.21644289
37136.568       0.21149007
37154.577       0.20656501
37172.586       0.20166985
37190.595       0.19680672
37208.604       0.19197778
37226.613       0.18718515
37244.622       0.18243099
37262.631       0.17771742
37280.640       0.17304658
37298.649       0.16842058
37316.658       0.16384150
37334.667       0.15931145
37352.676       0.15483246
37370.685       0.15040658
37388.694       0.14603579
37406.703       0.14172208
37424.712       0.13746739
37442.721       0.13327361
37460.730       0.12914259
37478.739       0.12507613
37496.748       0.12107604
37514.757       0.11714397
37532.766       0.11328173
37550.775       0.10949093
37568.784       0.10577310
37586.793       0.10212975
37604.802      0.098562301
37622.811      0.095072062
37640.820      0.091660374
37658.829      0.088328425
37676.838      0.085077358
37694.847      0.081908209
37712.856      0.078822032
37730.865      0.075819712
37748.874      0.072902089
37766.883      0.070069921
37784.892      0.067323856
37802.901      0.064664557
37820.910      0.062092510
37838.919      0.059608150
37856.928      0.057211800
37874.937      0.054903799
37892.946      0.052684307
37910.955      0.050553434
37928.964      0.048511177
37946.973      0.046557555
37964.982      0.044692406
37982.991      0.042915525
38001.001      0.041226642
38019.010      0.039626233
38037.019      0.038113052
38055.028      0.036686592
38073.037      0.035346273
38091.046      0.034091416
38109.055      0.032921371
38127.064      0.031835328
38145.073      0.030832414
38163.082      0.029911789
38181.091      0.029072465
38199.100      0.028313425
38217.109      0.027633602
38235.118      0.027031850
38253.127      0.026507059
38271.136      0.026057988
38289.145      0.025683382
38307.154      0.025381921
38325.163      0.025152325
38343.172      0.024993198
38361.181      0.024903142
38379.190      0.024880703
38397.199      0.024924471
38415.208      0.025032941
38433.217      0.025204610
38451.226      0.025437933
38469.235      0.025731412
38487.244      0.026083471
38505.253      0.026492805
38523.262      0.026958192
38541.271      0.027477381
38559.280      0.028048811
38577.289      0.028670870
38595.298      0.029341959
38613.307      0.030060471
38631.316      0.030824836
38649.325      0.031633453
38667.334      0.032484738
38685.343      0.033377105
38703.352      0.034309010
38721.361      0.035278886
38739.370      0.036285190
38757.379      0.037326388
38775.388      0.038400979
38793.397      0.039507460
38811.406      0.040644350
38829.415      0.041810187
38847.424      0.043003527
38865.433      0.044222955
38883.442      0.045467066
38901.451      0.046734482
38919.460      0.048023848
38937.469      0.049333831
38955.478      0.050663123
38973.487      0.052010441
38991.496      0.053374524
39009.505      0.054754255
39027.514      0.056148379
39045.523      0.057555595
39063.532      0.058974754
39081.541      0.060404715
39099.550      0.061844381
39117.559      0.063292674
39135.568      0.064748545
39153.577      0.066210977
39171.586      0.067678958
39189.595      0.069151527
39207.604      0.070627747
39225.613      0.072106683
39243.622      0.073587452
39261.631      0.075069189
39279.640      0.076551064
39297.649      0.078032242
39315.658      0.079511943
39333.667      0.080989403
39351.676      0.082463883
39369.685      0.083934680
39387.694      0.085401076
39405.703      0.086862416
39423.712      0.088318057
39441.721      0.089767390
39459.730      0.091209786
39477.739      0.092644684
39495.748      0.094071527
39513.757      0.095489525
39531.766      0.096898289
39549.775      0.098297424
39567.784      0.099686459
39585.793       0.10106496
39603.802       0.10243245
39621.811       0.10378855
39639.820       0.10513285
39657.829       0.10646497
39675.838       0.10778458
39693.847       0.10909128
39711.856       0.11038478
39729.865       0.11166476
39747.874       0.11293096
39765.883       0.11418303
39783.892       0.11542076
39801.901       0.11664387
39819.910       0.11785217
39837.919       0.11904538
39855.928       0.12022331
39873.937       0.12138578
39891.946       0.12253262
39909.955       0.12366362
39927.964       0.12477864
39945.973       0.12587753
39963.982       0.12696016
39981.991       0.12802643
40000.000       0.12907617